https://apis.map.kakao.com/android_v2/docs/api-guide/shape/polygon/


POLYGON ((342184.8802278223 363935.96434440656, 342191.0270027756 363937.96298235626, 342200.93501202296 363941.1540975001, 
342202.1286612991 363941.53868798807, 342202.39998695866 363941.62627766305, 342211.16324269335 363944.4878269761, 
342213.32872516225 363945.19444220234, 342217.1826508871 363946.45284468174, 342218.6375643541 363946.92782026716, 
342222.11977702286 363948.0665651285, 342239.53925060935 363953.7404534246, 342248.83932273585 363956.7690601657, 
342249.2706274566 363956.9099464128, 342251.059946661 363957.5188226499, 342251.99982038664 363957.8381923981, 
342252.42106353637 363957.98187397554, 342288.9654100775 363970.03085388325, 342297.01748544734 363972.6907659995, 
342299.8485781697 363973.6261004544, 342300.86712581327 363973.9630877648, 342313.7363306115 363978.18524420436, 
342317.49970678193 363979.4197846373, 342332.4885999067 363984.33761588886, 342337.6044824902 363986.0160236633, 
342346.37341552216 363988.8936995042, 342347.70202368207 363989.3320753077, 342348.9223260937 363989.73421927664, 
342356.9794034764 363992.394235165, 342369.94546639244 363996.67440074496, 342383.75122138305 364001.23186873953, 
342427.3944439797 364015.6381418328, 342432.365022099 364017.27956174477, 342433.52999342984 364017.7456016594, 
342433.88341998943 364017.87889132136, 342436.5975881006 364018.90587431943, 342440.16600382206 364020.1344242748, 
342447.9545269556 364022.8159566174, 342450.1440702293 364023.56908588356, 342462.86102533643 364027.9472004521, 
342493.78763309936 364038.59464402986, 342505.31047189445 364042.56214785145, 342518.9861001128 364047.27002418134, 
342530.50596047164 364051.23646746366, 342532.61826360645 364051.9019786343, 342542.7263327965 364055.388325572, 
342548.99382279895 364057.55051107873, 342555.39741458406 364059.7595019784, 342559.6095236707 364061.21232199424, 
342569.75662941905 364064.7955107188, 342580.1111894958 364068.3609368879, 342592.2072550076 364072.5252586934, 
342594.5914927558 364073.34640234406, 342602.4853264539 364076.0641088784, 342605.3136446594 364077.03740560124, 
342611.8345438818 364079.28281377506, 342616.55279984814 364080.8370353762, 342618.99581366114 364081.6703871776, 
342619.3584453602 364081.79386111675, 342622.13445243053 364080.8752624252, 342623.705434576 364080.32316665165, 
342635.8413208986 364085.7678632109, 342648.52938630304 364091.45996685675, 342659.66205854516 364096.45394033496, 
342669.4148492109 364100.77738678735, 342670.9545497954 364101.46018985024, 342676.7577410345 364104.06707146845, 
342680.30070830404 364105.6592619977, 342688.3026550526 364109.2535654403, 342690.07610807416 364110.0512017589, 
342703.81159366947 364116.2339544826, 342705.3920495155 364116.9295972799, 342710.8968564501 364119.40231560427, 
342714.7544315759 364121.16701940703, 342722.5756043355 364124.69759711437, 342767.93532499473 364142.0513251178, 
342777.2952138207 364145.7264527613, 342779.16434469784 364146.4930338542, 342781.5880638625 364147.4870623279, 
342792.56774900714 364151.98869587615, 342796.6502915016 364153.7109856128, 342797.209426292 364154.98698422336, 
342798.8803236169 364154.53897845955, 342810.21122255735 364159.33092611725, 342812.93197295547 364160.5741416484, 
342814.15117849805 364159.954818475, 342814.4181708393 364161.13379693794, 342822.5791602713 364164.48525262333,
 342832.99062384013 364168.79017478117, 342851.4068500487 364176.45436055295, 342858.850371137 364178.9337550666, 342863.0018760741 364180.31730879203, 342869.6261386861 364183.0850658411, 342877.02413112216 364186.1757965009, 342877.13396094926 364186.9683904853, 342878.41508503933 364186.69648618205, 342886.52340606635 364189.98183708766, 342889.39171576523 364191.1520408464, 342904.27987666 364197.1803225312, 342917.3383781134 364202.4198209545, 342928.44350415043 364206.8539970741, 342942.834451257 364212.5889783135, 342952.6264034095 364216.46604100626, 342955.2433672649 364217.5500645872, 342959.8988144577 364219.3871299266, 342962.14627200656 364220.2925144288, 342971.78399986133 364224.1284039654, 342979.4719013397 364227.18105286534, 342981.46376981435 364227.9631535967, 342989.1834234153 364231.07747948344, 342998.7237676374 364234.8323417465, 343001.73732386203 364236.0425362305, 343001.6823656529 364236.3325386451, 343001.54774653295 364237.04409558466, 343003.53490410117 364237.12779425376, 343004.1254711741 364237.06385068106, 343006.3125880147 364238.18009315553, 343020.1071290023 364243.4336635313, 343021.68885903177 364244.01828562375, 343035.6127910471 364249.5976470653, 343040.1612314066 364251.530566046, 343041.27167520276 364251.9724820484, 343042.69272982155 364252.5378079753, 343053.28212656174 364256.8013610736, 343053.6700428516 364256.9603684803, 343055.81394955085 364257.84162423975, 343057.7371069846 364258.55929126847, 343067.06224480155 364262.3197545613, 343068.1071787547 364262.73631906416, 343077.29219759407 364266.4018739336, 343081.0400164455 364267.9082239085, 343088.9132429018 364271.09572705004, 343090.0217073374 364271.5366022837, 343095.65731488995 364273.77790353925, 343096.39263811905 364274.0710786305, 343097.5852239502 364274.5566948389, 343107.6319491434 364278.6460691723, 343108.49327175145 364278.99084518594, 343124.9068090272 364285.5715936979, 343127.44975573686 364286.60608257947, 343174.05693067686 364305.3850244356, 343177.4771978956 364306.8136389919, 343179.9177398655 364307.7679977254, 343198.77883494645 364315.44931694586, 343201.60966214305 364316.54472403595, 343212.4560200318 364320.96260888176, 343213.7810767634 364321.4769489103, 343219.4493159754 364323.7859500393, 343223.90336545487 364325.7849695503, 343226.0841309635 364326.67398423405, 343226.4542109163 364326.8246232215, 343236.820306503 364331.04959685437, 343293.8279313653 364354.2823358395, 343298.47458590346 364356.15824376664, 343299.81657885923 364356.724953752, 343305.5789824721 364359.07690236263, 343314.1285350132 364362.6054011445, 343316.41147853015 364364.26984804356, 343324.6507290652 364367.9530654595, 343333.87500488205 364371.9005558095, 343341.91328791634 364375.33355143934, 343349.5034357212 364378.1771181014, 343362.44775353523 364383.7174325936, 343362.48555129074 364384.0213396201, 343364.3055243096 364384.11062101333, 343367.10609758535 364385.3644803021, 343370.70005435677 364386.9587242729, 343370.19794500957 364387.53970494727, 343378.80677437864 364389.98094084417, 343379.6505180118 364390.4514132141, 343383.28909003537 364392.0165575212, 343387.6685421133 364393.79895806784, 343390.9183612217 364395.1970739673, 343393.33565994806 364390.3964287935, 343395.42495646153 364389.351722867, 343397.3370977938 364387.48002821277, 343404.517625061 364387.46195563814, 343409.0899700029 364385.881824911, 343415.8359827661 364385.1465454233, 343425.93679658975 364384.54197272775, 343454.95644008776 364385.232105818, 343462.91090593406 364383.2790189602, 343478.1460624473 364380.42251922505, 343483.5733885522 364377.54231119144, 343495.4042045527 364374.0428648968, 343499.6032954273 364374.421957604, 343503.05796566117 364374.4146471778, 343506.0545408854 364373.8157023899, 343554.3735072356 364364.00813277584, 343557.50388440565 364363.3729096919, 343558.71243780944 364363.1275321529, 343564.54296581674 364362.05436911597, 343575.37598705123 364359.84307025827, 343586.68518910464 364357.5354727829, 343587.437684569 364358.3582334304, 343593.0027231603 364355.59289199393, 343593.61977781146 364356.2388032448, 343595.5782199755 364355.77067238546, 343619.2636275975 364350.8851911548, 343644.82921582705 364346.12923975213, 343647.21134014125 364345.68578928197, 343650.46314799506 364345.08106390794, 343700.3862313222 364334.8151036699, 343702.7649293307 364334.34357047733, 343743.48221805773 364326.26419431285, 343768.6502328743 364321.2840027722, 343810.6078174525 364312.7287913074, 343812.59099273005 364312.32319328375, 343814.0537815265 364312.0229932894, 343828.1510579239 364309.13718676043, 343828.4333540545 364309.07993800135, 343874.8121159419 364299.5857757169, 343875.20292641316 364299.50573734986, 343906.3109839695 364293.13747472083, 343919.7203430462 364290.3796457114, 343922.3621579512 364289.8104524086, 343942.7776429069 364285.53631574987, 343946.2072809816 364284.84618972224, 343983.4974095321 364277.3379192358, 343984.76622647943 364277.1788120171, 343996.97744404746 364274.64656381984, 344002.36119391554 364274.5796990782, 344008.2396032548 364273.3184279285, 344011.9554224108 364261.190097469, 344023.3543744538 364222.83137665107, 344037.8199411425 364175.17428699974, 344041.78800113965 364162.15972259856, 344042.4799155266 364160.2240239794, 344043.4826593714 364157.228216419, 344043.83857177035 364156.16502861143, 344046.93418895314 364146.91627818195, 344047.7467869567 364143.23927832756, 344051.83828916156 364133.28459279414, 344054.48032050475 364125.37415283173, 344058.8669487068 364111.55879689014, 344070.83536766423 364076.36511408305, 344074.64754042437 364066.9579532214, 344081.86538027757 364046.2534761493, 344079.17645538814 364043.30815310194, 344079.4526816198 364042.0812620039, 344085.9890945365 364018.7436752061, 344088.8883178609 364011.0736016594, 344091.90170067607 364000.2214550404, 344092.066296046 363999.9026817507, 344092.7873401738 363998.49881370633, 344092.9173850651 363998.15732340317, 344085.5720439113 364002.31586956023, 344086.44163022656 363999.4714031932, 344090.00983178336 363987.8092502182, 344096.17023908003 363968.27565149695, 344099.20862650836 363958.645556662, 344101.76996950153 363950.52236793516, 344104.45355397183 363941.51028665924, 344105.15414843673 363939.4437065076, 344109.39693180687 363925.8615040835, 344110.01809437503 363923.8143071783, 344114.67375309824 363908.4387578671, 344117.16524210596 363900.2090916281, 344118.2693110961 363896.56406769564, 344124.43727313355 363876.85654173134, 344126.78365415294 363867.65147384786, 344126.8460187302 363867.3906343526, 344127.70403259416 363863.20533640427, 344128.871509577 363859.24847139197, 344130.0130213947 363855.04496584705, 344131.8460405443 363849.5120201347, 344134.02705409465 363843.54700313817, 344136.3307796777 363836.6700929138, 344136.90181387286 363835.0190453228, 344139.8524933097 363826.4966431184, 344143.562750433 363815.51869435766, 344145.82390463096 363808.2777512947, 344147.5253374013 363802.9171888858, 344149.49062576774 363796.68964094645, 344155.27655220777 363789.291745872, 344156.3100471097 363787.9703061292, 344155.49321680167 363782.51917887456, 344156.72426967474 363778.82873176865, 344158.94136833394 363774.13101317076, 344159.652686583 363770.22083475534, 344159.74667187326 363769.83258572384, 344167.1584726133 363752.4565348114, 344168.0766351883 363752.5173474825, 344168.4563792345 363751.8538231421, 344168.8597908375 363750.96268219326, 344171.61874325655 363744.8664298493, 344172.38639871206 363743.14037143916, 344175.98642350256 363735.2015109302, 344188.789658457 363707.21706560696, 344190.2445192037 363704.0784411797, 344198.24331565737 363686.6173579979, 344203.3476966508 363676.44528482575, 344189.15735065244 363681.5312069488, 344182.3377782535 363684.0507961529, 344183.7266702126 363682.71762193023, 344184.04692102666 363682.4190419081, 344186.1377664255 363680.4679557084, 344187.1107647769 363679.5604609593, 344189.04818516615 363677.82233001856, 344195.0113556684 363670.4650750321, 344204.5963352381 363658.6989670007, 344207.67656922527 363654.7952576167, 344209.1019067486 363653.19671111717, 344216.0962959796 363641.64769530774, 344221.77832319244 363632.4828852072, 344224.550546157 363628.96404399973, 344232.56445845077 363611.20413236885, 344233.72393404355 363607.5402304516, 344235.07784101076 363604.25047231576, 344237.6819008421 363597.60780519847, 344240.8127082548 363589.62031865516, 344226.1915658328 363583.6895500002, 344213.2101978777 363578.48965473176, 344208.9019005259 363576.5046300362, 344203.1059402458 363576.0838620292, 344197.6578167821 363574.45667596045, 344186.8580962374 363565.21562628355, 344181.8674204827 363562.4522962569, 344181.7656167939 363562.538251514, 344180.84426061186 363563.31774658244, 344178.5046597484 363568.9173609134, 344178.1864849447 363569.6521768379, 344171.20136850746 363573.3679122689, 344167.0775016527 363569.06863613497, 344157.3917807294 363564.3974037924, 344155.2602354118 363563.4003522377, 344146.5466697103 363559.28025406506, 344146.2482005671 363559.15008995624, 344145.5357536691 363558.81436511944, 344149.2958464084 363549.01795488247, 344149.4532831565 363548.6089947862, 344150.72678038594 363545.2885788594, 344151.70792237425 363542.3213379752, 344152.13456191175 363541.02849404624, 344152.27534620976 363540.60218554595, 344151.5951281324 363540.2070938459, 344149.56731049076 363539.0300850278, 344146.96804934123 363537.5202375522, 344148.4630554253 363532.27350030735, 344148.86296621535 363530.8690600981, 344148.9869547568 363530.4324034056, 344151.423554803 363521.80443263176, 344151.5712427659 363521.28522421804, 344151.6899446156 363520.8624655028, 344153.1266206829 363518.025602065, 344154.52521686355 363515.1429392303, 344155.1926428152 363513.76798513933, 344158.74380406353 363506.45639988605, 344159.261860764 363505.38952624606, 344159.4738514011 363504.95467074506, 344161.27397150476 363503.3747996238, 344161.79964519467 363502.9133499965, 344162.3396995713 363501.55379672744, 344155.260499404 363498.13544916536, 344154.7285216615 363497.8784515973, 344153.1672617683 363497.1241756977, 344152.0115313637 363499.9697910083, 344149.14077606425 363506.24983970216, 344147.9296261395 363508.91924304364, 344146.4785813568 363512.1159718714, 344140.6779459523 363524.33870945167, 344135.991834876 363534.4092955676, 344131.41645429557 363544.2510453881, 344125.86930423975 363554.25598540046, 344116.76073249476 363551.1052357754, 344111.066365456 363549.0448211223, 344112.5364452895 363547.6552826003, 344112.90650516364 363544.77657918667, 344114.515507463 363540.9988254642, 344115.17319061427 363539.41558012273, 344115.85476020596 363538.03391272656, 344119.93016578944 363529.2554052033, 344120.3163479042 363528.423937995, 344124.5866966048 363519.3102700894, 344125.5187986437 363517.32145939016, 344116.74444205133 363514.1185259036, 344113.0413036167 363512.8231896119, 344101.3249472453 363508.725669899, 344101.1580689852 363508.66722986323, 344101.0683826685 363508.5033224109, 344100.0710785186 363506.6881149285, 344099.6115234891 363507.2429584992, 344096.3865152481 363511.1326998109, 344094.11643369874 363513.9224910098, 344089.97239131056 363519.01596235845, 344089.54030769784 363519.5483579768, 344087.9792755424 363521.47127182805, 344084.8223097699 363525.3604045447, 344084.5307005147 363525.1883623267, 344083.7843816384 363524.74789833295, 344080.4544840016 363522.66685045685, 344075.5727484594 363519.61562403565, 344073.5055708552 363518.30875304923, 344071.97936523636 363517.01495567, 344069.8791108609 363515.61336609477, 344068.04209764744 363510.97973186144, 344058.1686723172 363510.8846887597, 344058.10065023805 363510.88429691375, 344045.3811957556 363510.7780217363, 344045.00114578696 363510.7722437127, 344041.1545427797 363510.7185220431, 344026.26260801184 363510.5887895711, 344025.8805171073 363510.58497064514, 344025.2931961951 363510.587955932, 344024.6808746902 363510.5904294993, 344024.28566065396 363510.59234464134, 344023.8314247534 363510.59405214776, 344010.4253858615 363510.4527145835, 344008.45711722947 363510.3744109976, 344007.4988490065 363510.3668023608, 343997.41207337263 363510.2843998829, 343996.66350605374 363510.247068384, 343992.7848095939 363510.0506270045, 343991.1597743404 363509.9683439081, 343989.89684348006 363512.0394213535, 343988.5862535527 363514.1905591218, 343985.560360937 363513.87551282195, 343987.38723762997 363501.3593545143, 343987.53954977705 363494.50443949306, 343987.31791248766 363481.1870162099, 343987.03380725416 363474.9784583724, 343986.2829399376 363462.54059664754, 343993.9627174486 363443.8014293972, 343994.14299339 363436.5088927514, 343994.2149976797 363430.98692397866, 343995.7851191717 363427.88667565724, 343996.36249226495 363426.31679372385, 343998.4653395046 363421.5306986726, 344000.57679798314 363416.76378818974, 344002.9104428693 363411.69929164613, 344009.202480637 363398.92937025375, 344014.21975754166 363389.1506914784, 344019.6627289718 363381.2535535759, 344023.02945035265 363376.35426448303, 